0.0644857	0.0673494	1.67007e-05	0.000806718	0.13318	0.0320734	0.00234892	0.118087	0.00328802	0.0821953	0.0952414	0.000729111	0.00729918	0.00221873	0.000245359	0.0219317	0.0450789	0.0758344	0.16545	0.0821402	
0.032388	0.0131881	3.55824e-05	6.892e-05	0.0204997	0.000630384	6.82145e-28	0.300994	6.11171e-05	0.145404	0.196927	5.10095e-05	0.000962914	0.00147413	0.000678683	0.00177609	0.0435438	0.0964225	0.0379076	0.106987	
0.0746488	0.0717323	1.24876e-05	7.31864e-05	0.100702	0.039067	4.75593e-05	0.200656	0.00222766	0.145199	0.10628	0.000728469	0.00214993	0.000259512	0.000578103	0.0521056	0.102799	0.100246	0.000345055	0.000141483	
0.0126202	0.126675	0.000186055	0.000286067	0.0879148	0.00557052	0.000328074	0.0469113	0.000268739	0.176731	0.301072	0.000462068	0.000240676	0.000312432	1.09774e-52	0.00676007	0.0436204	0.0286418	0.00061376	0.160785	
0.0746123	0.0717323	1.24861e-05	7.35796e-05	0.100725	0.0390538	4.75654e-05	0.200706	0.00229258	0.145204	0.106318	0.00072788	0.00214995	0.000262589	0.000586762	0.052104	0.102708	0.100186	0.00035612	0.000141992	
0.0317449	0.0568713	4.82526e-05	0.0013698	0.115678	0.0201537	0.000174756	0.320319	0.000531977	0.229611	0.0671377	0.000232662	2.23905e-05	0.000168882	1.01165e-05	0.00929592	0.012624	0.133512	0.000291337	0.000202484	
0.0409688	0.00999108	0.0136114	0.000135455	0.00686332	0.000693092	0.00324496	0.619097	2.37047e-28	0.00114351	0.0940835	8.12005e-05	3.08508e-05	0.0123592	2.26208e-28	0.0576105	0.0760712	0.0495277	0.00537119	0.00911593	
0.0345292	0.0599292	4.08518e-05	0.00105438	0.120642	0.0202386	0.000262791	0.321276	0.000623984	0.216946	0.0630158	0.000351441	3.98292e-05	0.000102066	2.18368e-05	0.0122011	0.0231891	0.124573	0.000335459	0.000626275	
0.0644857	0.0673494	1.67007e-05	0.000806718	0.13318	0.0320734	0.00234892	0.118087	0.00328802	0.0821953	0.0952414	0.000729111	0.00729918	0.00221873	0.000245359	0.0219317	0.0450789	0.0758344	0.16545	0.0821402	
0.0419249	0.014554	0.00015674	0.000119266	0.000743148	0.0209335	0.0082576	0.108696	0.000585484	0.000283768	0.00708745	0.000232173	2.36553e-05	0.0143982	5.0794e-05	0.00267322	0.759898	0.00609627	0.00223593	0.0110497	
0.00765893	0.0425067	8.10056e-05	4.64967e-05	0.0502443	0.00411437	0.000374957	0.475859	0.000195349	0.0566195	0.0773655	0.000166496	0.000168368	0.00432165	7.82452e-06	0.000862985	0.0365501	0.235986	0.000280312	0.00659027	
0.0409427	0.137693	3.4807e-05	0.000570978	0.305298	0.0162092	0.000158096	0.235851	0.000501398	0.0922907	0.0546074	0.000179838	0.00260532	6.98833e-05	1.58574e-05	0.00690216	0.0361271	0.0689214	0.000709672	0.000312316	
0.00524861	0.000528219	0.000153753	0.000146891	0.00271427	0.666812	0.00451111	0.0488716	0.00694138	0.0283088	0.112826	0.00276786	1.43281e-05	0.00330573	4.49098e-05	0.00767872	0.000375586	0.00206575	0.106373	0.000311393	
0.0013826	0.0405798	0.000524537	0.00547666	0.0131347	0.0130721	3.06014e-05	0.00443502	6.26341e-05	0.00751151	0.0329698	0.564194	0.199709	0.0053263	0.000208218	0.000288915	0.00126707	0.00601353	0.103476	0.000336592	
0.0295689	0.0227239	4.14173e-05	3.90882e-05	0.0196363	0.00518034	0.000186339	0.750148	0.000209544	0.0495895	0.02766	0.000218511	5.74119e-06	6.16426e-05	0.00034405	0.0122192	0.0312396	0.0502725	0.000466484	0.000189311	
0.0091302	0.104881	0.000155211	0.00649609	0.275806	0.000925174	0.000573316	0.0627587	0.000679951	0.338695	0.147413	0.00771644	1.69368e-05	0.00024179	4.23307e-05	0.0008945	0.00336674	0.0252796	0.0143343	0.000593843	
0.000218791	0.0357911	0.000288811	0.000243781	0.000474157	0.00306528	0.00151549	0.0320052	0.00114554	0.00443644	0.0141978	0.148009	8.74168e-05	0.00864977	0.000124933	0.0251303	0.000416986	0.636636	0.0450613	0.0425024	
0.0013565	0.286703	0.000586888	0.000269226	0.00421437	0.000150956	0.000634795	0.490628	0.00033357	0.0181292	0.154971	0.000352708	1.75423e-05	0.000160489	0.000181771	7.26705e-05	0.00153957	0.0367066	0.000410526	0.00258136	
0.032388	0.0131881	3.55824e-05	6.892e-05	0.0204997	0.000630384	6.82145e-28	0.300994	6.11171e-05	0.145404	0.196927	5.10095e-05	0.000962914	0.00147413	0.000678683	0.00177609	0.0435438	0.0964225	0.0379076	0.106987	
0.556211	0.00979771	0.000205295	0.000493765	0.000449503	0.000194335	0.00194298	0.000512018	0.00234583	0.00916558	0.0175835	0.000558782	2.28088e-05	0.00714964	9.11855e-05	0.217102	0.168063	0.00712454	0.000652405	0.000334558	
0.000129377	0.00237681	0.000502935	0.000164687	0.106452	0.000214656	0.00978191	0.626044	0.00479577	0.000434707	0.00199022	0.0119143	0.0499841	0.00197094	0.00011648	0.00020045	0.000473185	0.155762	0.0254821	0.00121066	
0.0283905	0.00358882	0.00154026	0.00522685	0.0230709	0.004653	0.036215	0.00348368	7.01758e-05	0.0011328	0.101684	0.711424	0.000188494	6.83061e-05	5.87135e-05	0.00197152	0.000378447	0.0410293	0.0295524	0.00627204	
0.00136761	0.0282308	5.88022e-05	0.00468373	0.129588	0.000321684	5.52446e-05	0.0249908	0.000347816	0.0383246	0.094224	0.0452744	1.86255e-05	0.000615555	0.000717307	0.00145166	0.0014843	0.0182571	0.02877	0.581218	
0.0273099	0.000540589	0.000627845	0.00888892	0.657753	0.0240668	0.000129076	0.00923527	0.0168917	0.0827642	0.000991731	0.000909937	2.22692e-05	0.000221605	7.54634e-05	0.000109595	0.00284874	0.00131101	0.00192233	0.16338	
0.00138116	0.000802684	2.93705e-05	7.46513e-05	0.0294686	4.2637e-05	0.000215768	0.781754	0.00127945	0.0512538	0.00147226	0.00107428	6.39387e-06	0.000100123	1.67975e-05	3.2221e-05	0.00710922	0.0406285	0.0631176	0.0201406	
0.0420823	0.131518	2.8192e-05	0.000228524	0.0399361	0.0299453	0.00911333	0.0843945	0.000322351	0.0934739	0.276556	0.00390149	1.74861e-05	0.0219091	0.00411902	0.000916199	0.0199232	0.239057	0.00118171	0.00137655	
0.000691164	0.00162378	0.00023425	0.0130035	0.00131863	0.000300627	0.000570372	0.00264912	0.000293594	0.00104911	0.101017	0.347694	4.36905e-05	0.0176666	5.64297e-05	0.430468	0.00105776	0.0790754	0.00080067	0.000386699	
0.00136417	0.0457271	0.334903	0.00658709	0.00078284	0.0144774	0.00133296	0.000392196	0.000297201	0.455579	0.102353	0.00902133	3.4063e-05	0.000327532	3.7626e-05	0.000332276	0.0108228	0.000350888	0.00127983	0.013997	
0.436947	0.00403287	0.000140272	0.000452199	0.0751737	0.000118057	0.0132962	0.0300126	0.00946897	0.000853796	0.0772029	0.0250475	3.4316e-05	0.0167014	0.268628	0.0335936	0.000164473	0.000216635	0.00405886	0.00385682	
0.040544	0.129797	0.000439346	0.00028358	0.102304	0.0035603	0.00518392	0.277159	0.000914959	0.0153019	0.0582335	0.000173781	2.38224e-05	0.00070878	3.83634e-05	0.014509	0.050763	0.293093	0.00454113	0.0024278	
0.578985	0.0159879	0.000186476	0.000460806	0.000378962	0.000175096	0.00695774	0.000420802	0.000796514	0.00293104	0.0155897	0.000673997	1.47603e-05	0.00640633	9.46011e-05	0.153014	0.207163	0.00865008	0.000683021	0.000429069	
8.71525e-05	0.035364	0.667407	0.00176291	0.0170945	2.5459e-05	2.11465e-05	0.0184681	0.000708878	0.154974	0.0711057	0.00128888	0.00424818	0.00169018	0.00104143	0.0032902	0.0103427	0.000538174	0.0104414	0.000100193	
0.00714677	0.0974679	0.000532282	0.0044084	0.287908	0.000786889	0.000351256	0.0719946	0.00086781	0.336482	0.151662	0.000941962	1.6583e-05	0.000298564	3.98415e-05	0.000699389	0.00272422	0.0234194	0.0116209	0.000631506	
0.00236559	0.0752914	0.000653132	0.00123872	0.0663329	0.00861441	0.00104768	0.271805	0.00207748	0.328976	0.18895	0.000855977	1.67896e-05	0.000282433	6.35963e-05	0.0233538	0.00278041	0.0148605	0.0089513	0.00148265	
0.000213188	0.0622892	0.00173846	0.000272405	0.00122274	0.000507114	0.00143837	0.231842	0.00128264	0.0971284	0.106247	0.00222531	0.000578335	0.000268507	0.000102029	0.000830965	0.000414341	0.450351	0.0046813	0.0363668	
0.24857	0.000514706	0.000100481	9.10967e-05	0.000856339	0.44207	0.0169073	0.00116125	0.0127521	0.00175129	0.167436	0.000266084	3.74656e-05	0.0115807	0.000659285	0.0782793	0.0133764	0.000263248	0.0013035	0.0020244	
0.0697619	0.0483684	6.2139e-05	0.00124855	0.0806975	0.0302907	0.000646575	0.251282	0.000536555	0.126918	0.0643329	0.000302818	0.000302194	0.000281833	0.00019985	0.0345468	0.141688	0.147012	0.000472598	0.00104903	
0.022184	0.0551638	0.000143175	0.000127112	0.38704	0.00429431	0.0017393	0.0752288	0.00140089	0.305417	0.0234907	0.000315115	1.75191e-05	0.000287875	5.50788e-05	0.00420683	0.0665159	0.048942	0.00144899	0.00198168	
0.0015237	0.0439256	0.000357827	0.000219455	0.00225603	0.000657411	0.00962719	0.125943	0.0148147	0.000477252	0.00169462	0.00283077	0.000760716	0.0118524	0.00013855	0.0921281	0.000822642	0.68862	0.000955242	0.000394728	
9.90475e-05	0.025109	0.0016848	0.000307837	0.00175756	0.00156138	0.00154496	0.0356613	0.000333755	0.0198789	0.843769	0.00538632	9.85693e-06	0.00151008	2.4709e-05	0.00102048	0.000867548	0.0069835	0.00926793	0.0432219	
0.000409561	0.0394066	0.000540475	0.00588723	0.0114109	0.00322176	3.57625e-05	0.00660391	0.000108804	0.000324124	0.0328554	0.527657	0.240149	6.51307e-05	0.000244592	0.000144619	0.00133395	0.00630937	0.122528	0.000762889	
0.000141919	0.00100928	0.000443672	0.000629438	0.443326	0.000467941	9.66285e-05	0.067302	0.0013157	0.0601717	0.0710683	0.000288504	0.00802852	0.000103044	1.50557e-05	0.000102962	0.00315534	0.0249234	0.269681	0.0477295	
0.061542	0.00505722	0.000953533	0.00260701	0.0381761	0.0266482	0.00300826	0.00183661	0.0751052	0.000152852	0.00872308	0.0280093	7.85423e-05	0.000206042	0.00187696	0.312781	0.00155926	0.0524659	0.00704605	0.372167	
0.124059	0.00304828	8.11869e-05	0.000310327	0.000290233	4.83531e-05	0.00146868	0.120268	0.00072639	0.0502702	0.551457	6.81365e-05	1.9878e-05	0.000480986	1.13947e-05	0.00526843	0.079261	0.0300504	0.00421237	0.0286001	
0.037266	0.00334382	0.000183601	0.000158744	0.00271208	0.000651796	0.000548096	0.279701	0.020672	0.23476	0.0874353	0.00205634	2.39307e-05	0.0171318	3.53153e-05	0.0330827	0.127399	0.0655389	0.00466271	0.0826363	
0.536885	0.0350415	9.39464e-05	0.000509716	0.0311597	0.0101053	0.000125853	0.0142786	0.00651397	0.00613501	0.0105466	0.000108063	4.7782e-05	0.0140113	2.48088e-05	0.176603	0.0947204	0.0246862	0.00023963	0.038163	
0.00189634	0.0999061	0.000743403	0.000271461	0.334606	0.00325672	0.00189771	0.073185	0.00105445	0.0996368	0.249068	0.000795352	1.49155e-05	0.000160042	3.30094e-05	0.0206374	0.0242361	0.0842887	0.00385068	0.000462116	
8.69002e-05	0.0353388	0.667082	0.001765	0.017095	2.54395e-05	2.11542e-05	0.0184761	0.000708889	0.155054	0.07138	0.00128481	0.00426788	0.00169091	0.00104424	0.00329265	0.0103013	0.000540031	0.0104442	0.000100188	
0.000797493	0.000608556	2.71764e-05	2.75278e-05	0.00466991	0.000823528	0.00284357	0.188335	0.000347556	0.00334805	0.0884892	0.00119357	0.000580955	8.46146e-05	1.06313e-05	6.46479e-05	0.00567506	0.2276	0.0104286	0.464045	
0.00511043	0.0218633	0.00126286	0.00015323	0.00659414	0.00019322	0.000176916	0.00341378	0.000200786	0.11443	0.70793	0.000484997	1.53276e-05	0.000474481	4.84755e-05	0.00317228	0.0540002	0.0761342	0.00333111	0.00101033	
0.0408586	0.473787	4.11182e-05	0.000870522	0.259481	0.000109171	0.000280708	0.00172859	0.00129836	0.0565906	0.11132	0.034381	1.96083e-05	0.000415581	4.50915e-05	0.000596422	0.00130474	0.0162887	0.000346342	0.000236365	
0.000280205	0.578338	0.00531227	0.00550009	0.000840182	0.000174454	0.0155123	0.000388613	0.00215028	0.00131079	0.0179562	9.24291e-05	4.92687e-05	0.0162924	9.82636e-06	0.107022	0.0127845	0.235466	0.00033305	0.00018784	
0.00325451	0.00115445	0.000103239	0.0113565	0.0139492	0.000470379	0.000817781	0.0103904	0.000100271	0.0601595	0.000815205	0.238282	3.94589e-05	0.0415052	6.55956e-05	0.0255727	0.554426	0.00257733	0.0115751	0.0233852	
0.713919	0.109512	0.00022257	0.000927451	0.000252044	0.000190982	0.0138366	0.00292189	0.0055859	0.000386315	0.0450657	0.000491984	2.50127e-05	0.0163623	0.000184265	0.0451007	0.0374632	0.00673544	0.000547311	0.000269128	
0.00267574	0.00300177	0.00355464	0.0118755	0.000932751	0.000336884	0.00437337	0.00689179	0.0075034	0.000737946	0.0896554	0.012125	0.000580545	0.0166637	3.64892e-05	0.744925	0.00264024	0.089068	0.000493934	0.00192839	
0.00318226	0.051877	0.000159542	0.000682833	0.000161467	0.000193521	0.000888419	0.727791	0.0846511	0.00536775	0.00513852	0.000442551	5.80066e-05	0.0122425	0.000246175	0.00296763	0.00143431	0.0494279	0.0207923	0.032295	
0.00130821	0.000510727	0.00218021	0.0606796	0.218053	0.000909151	0.00014647	0.00560176	0.000125394	0.0952808	0.458128	0.00427048	1.57619e-05	0.00012481	0.0008106	0.000121077	0.00241916	0.0179189	0.0799028	0.051493	
0.000210793	0.00120105	3.69566e-05	0.00276565	0.0460965	0.00322124	0.338873	0.000294483	0.000105538	0.0010305	0.0250024	0.410165	5.76782e-05	0.00010925	1.62388e-05	0.0585045	0.078672	0.0155312	0.0180068	9.94999e-05	
0.000209636	0.0570495	0.00113726	0.000293013	0.000628331	0.000395638	0.000660314	0.139747	0.00618166	0.707303	0.00232726	0.00153057	4.09969e-05	0.00755245	9.22745e-05	0.000383015	0.00589909	0.0371459	0.00179904	0.0296245	
0.0190533	0.755972	0.000356033	0.00197473	0.0689524	0.00172564	0.000796793	0.00586339	0.00123011	0.0531695	0.000845573	0.000585515	1.82403e-05	0.000479648	2.96408e-05	0.0186307	0.023677	0.046066	0.000411622	0.000162118	
0.282763	0.0640736	0.000134806	0.000622617	0.104591	0.00017837	0.000443939	0.17917	0.00336601	0.0219082	0.0813674	0.000627217	9.13901e-06	0.00896372	1.14316e-38	0.00739786	0.0066848	0.236207	0.00122564	0.000265937	
0.000217955	0.027129	0.000277458	0.000434315	0.000140009	0.000156501	0.000224958	0.928661	0.00173815	0.01681	0.00399017	0.0027345	0.000136504	0.000174517	4.21169e-05	0.000169859	0.000605233	0.0145778	0.000881351	0.000898328	
0.342619	0.0274972	0.000329377	0.0029231	0.000748179	0.000391291	0.0179887	0.00166408	0.0119504	0.00331436	0.106524	0.000189008	0.00116878	0.0165755	3.71211e-05	0.462834	0.00147811	0.00066083	0.000776139	0.000330607	
0.00223329	0.000450252	7.03921e-05	9.49961e-05	0.170096	8.49343e-05	0.000757332	0.527179	0.000271118	0.0983276	0.0270346	0.0013089	0.000151712	7.91076e-05	1.11051e-05	0.00157595	0.0153372	0.10703	0.0249263	0.0229801	
8.71525e-05	0.035364	0.667407	0.00176291	0.0170945	2.5459e-05	2.11465e-05	0.0184681	0.000708878	0.154974	0.0711057	0.00128888	0.00424818	0.00169018	0.00104143	0.0032902	0.0103427	0.000538174	0.0104414	0.000100193	
0.0871958	0.000302813	0.00441776	0.00567279	0.055676	4.16069e-05	0.0130894	0.00160431	0.000262024	0.00108115	0.00855046	8.87855e-05	0.000112629	0.0162622	0.735405	0.00464259	0.000126013	0.0551002	0.000528224	0.00984036	
0.0467945	0.0010076	6.8701e-05	0.00659967	0.0862162	0.0249271	0.00848325	0.00676909	0.0153799	0.000820179	0.0529623	0.000104734	0.000176928	0.000231877	8.35292e-05	0.000386372	0.0253866	0.00371273	0.0237267	0.696162	
0.528642	0.0182755	2.67997e-05	0.000256077	0.00018319	0.0219011	0.00136595	0.132701	0.000747769	0.00173311	0.108204	0.000766811	0.00108973	0.0326267	0.000639718	0.0398948	0.0200241	0.0866445	0.00314089	0.00113675	
0.0328995	0.071419	6.59905e-05	0.00199651	0.0477074	0.0160971	0.000577961	0.22852	0.172901	0.0863638	0.15424	0.000397852	0.000154966	0.0424073	0.0245624	0.00962665	0.0206315	0.0669451	0.011905	0.0105813	
0.0162332	0.020996	0.00997815	0.00189468	0.0252887	0.000864547	0.000231103	0.024143	0.120036	0.0360985	0.65519	0.00339654	6.52322e-05	0.00233189	6.3663e-06	0.00562337	0.0405218	0.021199	0.000154593	0.0157469	
0.00177307	0.18265	0.000503926	0.000307411	0.00202077	0.000213121	0.000769724	0.605193	0.000508087	0.0205671	0.128015	0.000295943	6.17874e-06	9.06192e-05	0.000602038	8.53158e-05	0.00292245	0.0394438	0.00174214	0.0122901	
0.0771706	0.0709055	1.23654e-05	0.000100006	0.0996174	0.0410784	4.03321e-05	0.201041	0.0010409	0.144203	0.102655	0.000614101	0.0018979	8.80286e-05	0.000449746	0.0508256	0.104567	0.103296	0.000256086	0.000139611	
0.0780304	0.0616554	1.73255e-05	0.000225303	0.0916994	0.0409629	5.66628e-05	0.21634	0.00059906	0.140251	0.0949015	0.000368523	0.0011873	7.54271e-05	0.000360233	0.0437197	0.109532	0.119586	0.000211262	0.00021958	
0.151441	0.117022	9.75601e-05	0.000100342	0.00027603	0.0066565	0.00226083	0.0799253	0.00470912	0.0134891	0.00205329	1.32692e-05	2.92961e-05	0.0110302	2.22395e-05	0.0487988	0.118853	0.442002	0.000627682	0.000591844	
0.00404125	0.000818224	0.00445852	0.00426599	0.117238	0.000391312	0.0015868	0.0184513	0.00242777	0.000419232	0.087947	0.244947	0.0725341	0.00233328	0.000239789	0.000943833	0.0164995	0.00712014	0.380093	0.0332435	
0.0748019	0.0516463	3.2102e-05	0.000539073	0.0847777	0.0366999	0.000189998	0.227009	0.000567986	0.137097	0.0830421	0.000239866	0.000652945	0.000103729	0.000272576	0.0384735	0.125921	0.137141	0.000286309	0.000506216	
0.0117992	0.0224792	0.000195236	0.000188897	0.0899796	0.00529179	0.000230381	0.545124	0.00140481	0.171614	0.0168985	0.000854253	5.23626e-05	0.000378328	6.70817e-05	0.00759663	0.000149476	0.0714038	0.0137234	0.0405683	
0.215953	0.000533191	0.000232692	0.00164521	0.000286681	0.0528309	0.000371013	0.149773	0.0164359	0.000611573	0.107327	0.0215362	0.0440384	0.000444446	4.0641e-05	0.382826	0.000366356	0.00167933	0.00274611	0.000322997	
0.15936	0.0200182	0.000122419	0.000249007	0.402545	0.0261829	0.00205274	0.173523	0.000438189	0.0278342	0.0649218	0.000571329	4.7248e-05	0.000876494	3.66307e-05	0.0196372	0.0222988	0.0737119	0.00493475	0.000637233	
0.0767192	0.0570638	1.66315e-05	0.000327918	0.0892665	0.0401903	6.32536e-05	0.220836	0.0005619	0.140245	0.0910044	0.00032079	0.000958091	7.59696e-05	0.000345427	0.0415986	0.113498	0.126441	0.000197232	0.000271186	
0.00143576	0.000527632	1.63754e-05	6.97624e-05	0.0297271	4.10468e-05	2.65552e-05	0.779497	0.00117703	0.0500863	0.00146419	0.00108945	6.39128e-06	0.000110611	1.64534e-05	2.66152e-05	0.00729867	0.0402576	0.066385	0.0207408	
0.0549738	0.00905608	0.0302423	0.00225476	0.000640499	0.0419685	0.00218941	0.0187697	0.00406155	0.0139797	0.0211633	0.0509794	0.000303199	0.000604581	7.71588e-06	0.276759	0.111103	0.00521166	0.334877	0.0208554	
0.127817	0.0781976	0.000102258	0.000195895	0.0758024	0.171429	0.000821731	0.207852	0.000879531	0.08251	0.18645	0.000623374	0.00169716	0.000319177	3.16377e-05	0.031727	0.0037935	0.0267024	0.000340327	0.00270735	
0.0100554	0.00123002	0.00073856	0.000556885	0.00732391	0.00242331	0.000350831	0.026622	0.00564886	0.0186166	0.108561	0.0127893	0.761134	0.000349431	0.00110174	0.00690632	0.00311524	0.0263301	0.00515015	0.000996587	
0.068466	0.00884682	0.000129085	0.000464959	0.0285462	0.000143096	0.000190566	0.471297	0.00302882	0.0656637	0.0374073	0.00136832	0.160655	0.000204198	3.2547e-05	0.00151156	0.000715364	0.133717	0.0139271	0.00368614	
0.000459223	0.0332431	0.000219731	0.000121143	0.476287	0.000273943	5.36447e-05	0.0664709	0.011594	0.112333	0.160596	0.00981713	0.000197977	0.0479478	0.00282052	0.0275199	0.017733	0.00544522	0.0142067	0.0126609	
0.00178787	0.00100496	0.000228521	0.00104755	0.175635	0.000796706	0.0018036	0.0836986	0.00867348	0.000101356	0.00651585	0.000260374	0.000788593	0.010273	4.75325e-05	0.00510058	0.00512985	0.0297544	0.090308	0.577045	
0.11338	0.00318333	5.99385e-05	5.60434e-05	0.00119314	0.0352636	0.00101432	0.0831067	0.317525	0.00897807	0.0424778	0.00303812	0.000365947	0.0011603	0.00071885	0.00360517	0.270833	0.0912868	0.00146014	0.0212941	
0.00223329	0.000450252	7.03921e-05	9.49961e-05	0.170096	8.49343e-05	0.000757332	0.527179	0.000271118	0.0983276	0.0270346	0.0013089	0.000151712	7.91076e-05	1.11051e-05	0.00157595	0.0153372	0.10703	0.0249263	0.0229801	
0.0158481	0.0131469	5.44549e-05	0.000219824	0.139332	0.0963498	9.06011e-05	0.0961676	3.68523e-44	0.0143899	0.0403404	0.000322905	0.000227638	0.000487586	6.83808e-05	0.0362245	0.0373761	0.0423844	0.00070752	0.466261	
0.0549738	0.00905608	0.0302423	0.00225476	0.000640499	0.0419685	0.00218941	0.0187697	0.00406155	0.0139797	0.0211633	0.0509794	0.000303199	0.000604581	7.71588e-06	0.276759	0.111103	0.00521166	0.334877	0.0208554	
0.164912	0.0310163	0.000321849	0.000480523	0.0484817	0.0123019	0.00546313	0.000521	0.00196986	0.0018113	0.0131362	0.0131307	0.00223178	0.00919899	2.2424e-05	0.336387	0.355802	0.0023076	0.000285803	0.000218749	
0.0409427	0.137693	3.4807e-05	0.000570978	0.305298	0.0162092	0.000158096	0.235851	0.000501398	0.0922907	0.0546074	0.000179838	0.00260532	6.98833e-05	1.58574e-05	0.00690216	0.0361271	0.0689214	0.000709672	0.000312316	
0.0915127	0.1608	6.04423e-05	0.000114779	0.0484749	0.172929	0.00135665	0.275688	0.00115561	0.0407367	0.0278482	0.000866753	0.00111477	0.00160933	2.41859e-05	0.00348336	0.0169833	0.152558	0.00155135	0.00113217	
0.0885299	0.00289583	0.000577468	0.00800321	0.631923	0.00960542	0.000134807	0.00102167	0.0103147	0.00112541	0.130863	0.017563	0.00156294	0.00765734	0.000842721	0.000613243	0.0266423	0.00103612	0.0411733	0.017915	
0.0826945	0.00122589	0.000164446	0.00278371	0.161368	0.0393525	0.00344726	0.00728966	0.0133304	0.00293868	0.019585	0.000216936	6.14458e-05	0.0018859	0.00021357	0.000409075	0.0153764	0.00473651	0.0259025	0.617017	
0.0295176	0.0227658	4.14424e-05	3.76573e-05	0.01965	0.00514085	0.000174174	0.750371	0.00021658	0.049633	0.0276395	0.000218981	5.75035e-06	6.18852e-05	0.000343138	0.0121519	0.031169	0.0502069	0.00046539	0.000189291	
0.000394374	0.0387579	0.00429605	0.00587655	0.01303	0.00313214	3.46989e-05	0.0135828	0.000164508	0.00032194	0.0330311	0.511253	0.243286	5.00677e-05	0.000258737	0.000138486	0.00134397	0.00747586	0.12217	0.00140219	
0.00637206	0.204372	0.000123979	0.00018234	0.196262	0.0443914	0.000754381	0.00214035	0.000925738	0.163226	0.144375	0.0004151	1.84541e-05	0.000452897	4.68009e-05	0.0311618	0.0485926	0.152898	0.000420454	0.00286873	
0.0746488	0.0717323	1.24876e-05	7.31864e-05	0.100702	0.039067	4.75593e-05	0.200656	0.00222766	0.145199	0.10628	0.000728469	0.00214993	0.000259512	0.000578103	0.0521056	0.102799	0.100246	0.000345055	0.000141483	
0.011873	0.000726069	4.73497e-05	0.000128362	0.00129312	2.24645e-05	0.000208913	0.723242	0.000400684	0.0424491	0.0122264	5.95209e-05	1.03535e-05	0.000639978	8.00801e-06	0.00356555	0.00623358	0.194292	0.000580609	0.00199277	
0.000137271	0.0402146	0.000420036	0.00024667	7.23753e-05	0.000218325	0.000113583	0.0427844	0.000222367	0.00391745	0.842027	0.000120692	5.37686e-06	0.00323288	2.60946e-05	6.99429e-05	0.00625684	0.00852368	0.0224572	0.0289337	
0.0130678	0.237771	9.6619e-23	0.000574832	0.0016344	0.00195118	0.00100671	0.310513	0.00064017	0.16972	0.0527866	0.000196485	3.62578e-05	0.000558286	5.52351e-05	0.0119553	0.0476548	0.13377	0.015118	0.00098972	
0.0225775	0.0189235	6.40848e-05	0.000166801	0.298405	0.0306525	0.000348968	0.247864	0.00313767	0.0257075	0.00701009	0.000134246	1.32775e-05	0.00287347	8.98355e-06	0.0127033	0.0131511	0.110769	0.0635432	0.141946	
0.00540413	0.00632991	5.33134e-05	0.00101915	0.0543396	0.000112068	0.00033076	0.0394794	0.000918989	0.114291	0.612271	0.000133708	1.49445e-05	0.00131928	4.38802e-05	0.000782686	0.0665369	0.0908762	0.00474532	0.000998294	
0.0393901	0.00100749	2.39995e-05	0.0109138	0.00541505	0.015343	2.2874e-05	0.00411662	0.000151986	0.00529097	0.129431	0.0321322	0.00963862	0.0104272	0.00229596	0.00121013	0.00121027	0.0479572	0.0256221	0.6584	
0.0644857	0.0673494	1.67007e-05	0.000806718	0.13318	0.0320734	0.00234892	0.118087	0.00328802	0.0821953	0.0952414	0.000729111	0.00729918	0.00221873	0.000245359	0.0219317	0.0450789	0.0758344	0.16545	0.0821402	
0.00605365	0.00461825	3.50104e-05	4.67184e-05	0.125087	0.000749467	0.0241821	0.000609106	0.605878	0.0240763	0.00596904	0.00454725	1.25596e-05	0.0738596	0.0855013	0.00837884	0.00966975	0.0125019	0.00243788	0.00578718	
6.86324e-05	0.0408963	0.000292307	0.000517441	0.000643268	0.00100339	0.00828138	0.723618	0.000590067	0.00236935	0.024763	0.000122416	7.38162e-05	0.0109784	0.000129494	0.000104083	0.0239566	0.0553067	0.0590659	0.0472192	
0.000479198	0.00245134	0.000148135	0.00873074	0.292248	0.00419753	7.54151e-05	0.0815143	0.00902428	0.0102499	0.00219233	0.000274172	2.4623e-05	0.00500685	0.000113242	0.0126954	0.000344473	0.0061547	0.00291867	0.561157	
0.576265	0.00665482	0.000235788	0.0103715	0.127364	0.000130636	0.0107021	0.0144206	0.124064	0.0035146	0.00400522	0.00377405	5.79918e-05	0.00790505	0.000258984	0.000111247	0.0148021	0.0665012	0.0254852	0.0033761	
0.36643	0.016639	0.000204827	0.000772332	0.00941258	0.000134254	0.00179046	0.000778577	0.0224601	0.060323	0.140327	0.00550465	2.46017e-05	0.0213877	3.5649e-05	0.0337334	0.29912	0.019115	0.0012563	0.000550578	
0.00605365	0.00461825	3.50104e-05	4.67184e-05	0.125087	0.000749467	0.0241821	0.000609106	0.605878	0.0240763	0.00596904	0.00454725	1.25596e-05	0.0738596	0.0855013	0.00837884	0.00966975	0.0125019	0.00243788	0.00578718	
0.002586	0.000839932	0.00118984	0.000333985	0.000182094	0.000540319	0.000818395	0.016419	0.0175983	0.000137457	0.324898	0.000332126	3.1545e-05	0.119802	0.0020162	0.00778208	0.351301	0.146319	0.00579543	0.00107678	
0.00021318	0.0570912	0.00120243	0.000294537	0.000624146	0.000515845	0.000691773	0.140935	0.00587979	0.705336	0.00237905	0.00143844	3.99833e-05	0.00762907	9.24686e-05	0.000385155	0.00607683	0.0371429	0.00180957	0.0302221	
0.178003	0.0317319	0.000124888	0.000734834	0.0749399	0.403418	0.00349853	0.00782698	0.0647458	0.0196879	0.066886	0.00102562	0.0195525	0.00388975	5.18059e-05	0.110022	0.00381124	0.00853872	0.000531955	0.000977994	
0.0495384	0.167479	8.8e-05	0.000322902	0.0233494	0.00350131	0.0031979	0.594262	0.00234426	0.0154194	0.0182429	0.000558215	4.09646e-05	0.00128668	0.000315162	0.000108431	0.003888	0.104373	0.00609545	0.00558846	
0.0118428	0.000725778	4.73362e-05	0.000128393	0.00129429	2.22613e-05	0.000208926	0.723679	0.000405862	0.0422182	0.0121711	6.21572e-05	1.03559e-05	0.000639929	8.00131e-06	0.00355193	0.0062292	0.193989	0.000602664	0.00216297	
0.00175273	0.00346416	0.00073024	0.000489949	0.0747815	0.00863314	0.000884189	0.0901305	0.000551334	0.0758179	0.607431	0.00104902	3.92608e-05	0.000452086	9.25201e-05	0.000774309	0.000181528	0.129438	0.0012467	0.00206031	
0.0121721	0.0221542	0.000105813	7.30229e-05	0.28889	0.35479	0.00650071	0.113278	0.0100566	0.0904458	0.0586392	0.00238771	4.39915e-05	0.000878659	1.56501e-05	0.0227564	0.00195649	0.010196	0.000452299	0.00420724	
0.240715	0.19777	0.00301171	0.000362025	0.00471687	0.00732141	0.000970041	0.0444177	0.00149538	0.0285879	0.123677	0.000369219	2.76213e-05	0.0022005	6.41976e-05	0.000221874	0.053268	0.287548	0.00171576	0.00154047	
0.106774	0.00272811	0.000695853	0.00819303	0.631008	0.0114626	8.59957e-05	0.00111733	0.0131931	0.00106794	0.132747	0.00190921	0.0029906	0.00779216	0.00123169	0.000398149	0.030915	0.00137492	0.0236213	0.0206941	
0.00765893	0.0425067	8.10056e-05	4.64967e-05	0.0502443	0.00411437	0.000374957	0.475859	0.000195349	0.0566195	0.0773655	0.000166496	0.000168368	0.00432165	7.82452e-06	0.000862985	0.0365501	0.235986	0.000280312	0.00659027	
0.0312381	0.0611796	5.05584e-05	0.00127825	0.114868	0.0193555	0.000126578	0.321712	0.000430172	0.224865	0.0662382	0.000242678	2.47042e-05	0.000149202	9.74527e-06	0.00922822	0.012927	0.135736	0.000170893	0.000168969	
0.00486651	0.29449	0.00179535	0.00891919	0.0109142	0.000227362	0.0118271	0.00170923	0.000860027	0.00446672	0.558521	0.000754053	1.21293e-05	0.0139351	2.23623e-05	0.00700749	0.0773033	0.00217019	0.000132304	6.60541e-05	
0.00209616	0.000906299	0.00879739	0.00489884	0.108176	0.000349358	0.00109093	0.0317772	0.00220855	0.000390926	0.0833235	0.249721	0.0844715	0.00241236	0.000219911	0.000954526	0.0200221	0.00911837	0.36751	0.0215552	
0.100781	0.186329	0.000739169	0.00189033	0.268341	0.000352781	0.000765709	0.0745314	0.000615273	0.136906	0.0226849	0.000960891	1.85655e-05	0.000126495	6.83799e-05	0.00764632	0.168301	0.00185396	0.0265675	0.00052049	
0.000396877	0.0396282	0.00431097	0.00595174	0.0125697	0.00304438	3.54995e-05	0.0107552	0.000587466	0.000325113	0.0324631	0.516503	0.240089	4.85097e-05	0.000251399	0.000141242	0.00133508	0.00711737	0.123211	0.00123555	
0.030954	0.0083422	0.000240196	0.0140854	0.401315	0.00197931	0.000629251	0.0046019	0.0119122	0.000544897	0.0924731	0.00159156	0.107723	0.0134543	6.30013e-05	0.000945347	0.104732	0.000967043	0.0118432	0.191603	
0.0002587	0.00264211	0.0027416	0.00590114	0.36109	0.00143657	0.000320694	0.0039063	0.000204264	0.000816861	0.173174	0.16917	0.000429913	0.00548076	0.000229568	0.0026317	0.0314937	0.00112975	0.23087	0.00607219	
0.00226582	0.000595102	7.03921e-05	9.57969e-05	0.169511	0.000112475	0.000747932	0.526763	0.000271762	0.0979968	0.027356	0.00132298	0.000153076	9.6777e-05	1.11178e-05	0.00158223	0.0155277	0.108311	0.0244495	0.0227599	
0.0162332	0.020996	0.00997815	0.00189468	0.0252887	0.000864547	0.000231103	0.024143	0.120036	0.0360985	0.65519	0.00339654	6.52322e-05	0.00233189	6.3663e-06	0.00562337	0.0405218	0.021199	0.000154593	0.0157469	
0.00552988	0.000175132	3.32319e-06	0.109614	0.0467173	5.76642e-05	0.0552761	0.00893709	5.29842e-05	0.00638191	0.0846491	0.528497	0.000109048	5.78373e-05	1.15207e-18	0.0224088	0.0196012	0.0394811	0.00367617	0.0687743	
0.00298604	0.144002	0.000879558	0.00117044	0.017741	0.000596791	0.000444727	0.24231	0.000276451	0.233436	0.12013	6.18323e-05	0.0494647	0.00043128	1.39985e-05	0.0147247	0.0353259	0.134799	0.000537297	0.000668257	
0.032388	0.0131881	3.55824e-05	6.892e-05	0.0204997	0.000630384	6.82145e-28	0.300994	6.11171e-05	0.145404	0.196927	5.10095e-05	0.000962914	0.00147413	0.000678683	0.00177609	0.0435438	0.0964225	0.0379076	0.106987	
0.0419565	0.00935022	6.66499e-05	0.000179238	0.311799	0.00761469	0.000830334	0.33289	0.0133716	0.0333297	0.0216933	0.00051626	1.38327e-05	0.000812658	1.73023e-05	0.00280751	0.0440041	0.102471	0.0587047	0.0175712	
0.00431977	0.0254658	0.000558833	0.000211488	0.586122	0.0970163	0.012902	0.0757083	0.000859198	0.0517326	0.0167171	0.000609111	1.41458e-05	0.000370045	7.4037e-05	0.00632245	0.0669376	0.0458054	0.00773048	0.000523575	
0.0041156	0.00848071	0.00254554	0.000265798	0.221682	0.00459126	8.35898e-05	0.0517479	0.00149977	0.0335388	0.0105892	0.233711	2.65931e-05	0.00572585	3.60237e-05	0.00222129	0.168044	0.0497337	0.00170526	0.199657	
0.00572559	0.000886092	0.00162059	0.00482836	0.13774	0.000532421	0.00124431	0.0203112	0.0027683	0.000585603	0.0951312	0.197766	0.0549463	0.0027065	0.000234479	0.00100465	0.0168744	0.00857143	0.382092	0.0644305	
0.000388948	0.113218	0.00187778	0.000594494	0.180178	0.00955948	0.000706426	0.25736	0.00623738	0.270844	0.0064419	0.00107695	2.45384e-05	0.000217455	6.0923e-05	0.00277912	0.000587135	0.0166875	0.119808	0.0113515	
0.0161322	0.0458945	0.000221723	0.00413808	0.0035652	0.365817	0.00397615	0.031523	0.00810408	0.174766	0.0576181	0.122374	0.000163101	0.1443	2.66123e-05	0.000276308	0.0107969	0.00607248	0.00403058	0.000204068	
0.0140358	0.00121354	0.000119399	0.00428574	0.00218057	0.011128	6.88543e-05	0.239819	0.00670952	0.0078368	0.0878041	0.00019615	0.00315504	0.00983064	5.16799e-05	7.18233e-05	0.0271791	0.18551	0.232151	0.166652	
0.0913718	0.158923	0.000134174	0.000849706	0.143264	0.000190088	0.000123746	0.177131	0.00885006	0.0828261	0.0582676	0.000444074	2.14789e-05	0.00188398	6.20657e-05	0.0295796	0.0122791	0.167374	0.000637647	0.0657871	
0.00261341	0.00587016	4.10829e-05	0.00884278	8.68574e-05	0.0117894	6.7858e-05	0.0102283	6.69402e-05	0.0290238	0.0361337	0.800578	1.66596e-05	0.00794395	3.02046e-05	0.00551029	0.000850474	0.0784533	0.00084386	0.00100902	
0.00285745	0.00305769	0.00303305	0.0117817	0.000995796	0.000329017	0.00470628	0.00672785	0.00769419	0.000714872	0.0875991	0.012242	0.000557383	0.0162848	2.60188e-05	0.746002	0.00270544	0.0900855	0.000523724	0.00207589	
0.223245	0.13214	0.000127616	0.00025065	0.029509	0.0642685	0.000372539	0.00239686	0.00226388	0.0639008	0.0883005	0.0111765	1.52625e-05	0.00189946	2.71637e-05	0.0797469	0.298321	0.00146685	0.000335442	0.000236526	
0.00435271	0.095616	0.000109055	0.000662295	0.120956	0.000251639	0.000285214	0.386316	0.00148518	0.118609	0.145957	0.00964353	0.000464046	0.000442976	2.56333e-05	0.000638155	0.00221194	0.110832	0.000470142	0.000671527	
0.00623557	0.042653	6.92063e-05	0.00757418	0.0212011	0.0387328	5.42858e-05	0.00787897	6.93346e-05	0.0496592	0.0403836	0.700143	0.024486	0.0211513	7.25859e-05	0.0033893	0.00137447	0.0180986	0.0161931	0.000580061	
0.000408669	0.039519	0.000540848	0.00588716	0.0113743	0.00324466	3.57625e-05	0.00660455	0.000108798	0.000324084	0.0332388	0.527646	0.239663	4.91005e-05	0.000244601	0.000143579	0.00133029	0.00635524	0.122519	0.000762176	
0.0184611	0.0291128	0.000104256	0.00173657	0.120939	0.000203399	0.00040786	0.414539	0.00128894	0.132762	0.146284	0.00834073	0.00171191	0.000323969	6.67438e-06	0.0002041	0.00102829	0.120331	0.00104511	0.00116986	
0.000219043	0.0272435	0.000244155	0.000436949	0.000139994	0.000130434	0.000174499	0.92931	0.00174083	0.0172533	0.00398155	0.00281556	0.000142184	0.000193218	4.23609e-05	0.000174467	0.000594457	0.0149347	0.000140549	8.80233e-05	
0.000796261	0.000607622	2.71764e-05	2.75219e-05	0.00466709	0.000830553	0.0028203	0.188792	0.000344633	0.00341626	0.0883593	0.00118922	0.000581161	8.74722e-05	1.06303e-05	6.47778e-05	0.00568653	0.227511	0.0104271	0.463753	
0.259075	0.0867873	9.68629e-05	0.000372804	0.00143225	0.0505917	0.00232675	0.00154398	0.0012005	0.000179228	0.0101699	0.00108497	0.0977933	0.000826397	2.33473e-05	0.00388214	0.456096	0.00793503	0.000886028	0.0176968	
0.004522	0.182485	0.00268405	0.0117372	0.714742	0.00217441	0.00473207	0.00396095	0.0014964	0.0104136	0.0039725	0.00610327	0.000188043	0.000143158	0.012975	0.0306703	0.000535688	0.000346614	6.70108e-05	0.00605144	
0.0387222	0.00220588	2.74641e-05	0.0127551	0.00112791	7.72642e-05	0.0192506	0.00125119	0.000214354	0.00420546	0.245082	0.516736	0.000122564	0.000109132	1.18629e-05	0.0298766	0.000242443	0.0135932	0.0120532	0.102336	
